l 105.0,288.0 105.0,282.0 105.0,276.0 106.0,271.0 108.0,266.0 109.0,261.0 110.0,256.0 112.0,251.0 113.0,246.0 115.0,241.0 117.0,236.0 118.0,231.0 120.0,226.0 122.0,221.0 124.0,216.0 126.0,211.0 127.0,206.0 128.0,201.0 132.0,197.0 137.0,196.0 142.0,194.0 147.0,193.0 153.0,193.0 159.0,193.0 165.0,193.0 171.0,194.0 176.0,195.0 181.0,197.0 186.0,200.0 190.0,204.0 194.0,208.0 198.0,213.0 202.0,218.0 204.0,223.0 207.0,228.0 208.0,233.0 210.0,238.0 210.0,244.0 211.0,251.0 211.0,257.0 211.0,263.0 211.0,269.0 210.0,274.0 209.0,279.0
l 105.0,286.0 106.0,291.0 110.0,295.0 115.0,298.0 120.0,300.0 125.0,302.0 130.0,303.0 135.0,304.0 141.0,305.0 147.0,305.0 152.0,306.0 157.0,307.0
l 163.0,308.0 169.0,308.0 175.0,308.0 180.0,305.0 185.0,302.0 190.0,299.0 195.0,296.0 199.0,292.0 203.0,288.0 207.0,284.0 210.0,279.0
l 159.0,306.0 160.0,301.0 161.0,296.0
l 150.0,294.0 150.0,288.0 151.0,283.0 153.0,278.0 158.0,275.0 163.0,273.0 169.0,273.0 173.0,277.0 172.0,282.0 169.0,287.0 165.0,291.0 161.0,295.0 156.0,296.0
l 165.0,271.0 165.0,265.0 165.0,259.0 165.0,253.0
l 2.0,301.0 7.0,300.0 13.0,300.0 18.0,299.0 23.0,297.0 29.0,297.0 34.0,296.0 39.0,295.0 45.0,295.0
l 47.0,296.0 47.0,302.0 47.0,308.0 46.0,313.0 50.0,309.0 55.0,306.0 60.0,302.0 65.0,300.0 70.0,297.0 74.0,293.0 79.0,291.0 78.0,286.0 76.0,281.0 72.0,277.0 68.0,273.0 64.0,269.0 59.0,267.0 54.0,265.0 49.0,264.0 45.0,268.0 45.0,274.0 41.0,278.0 36.0,279.0 31.0,280.0 25.0,280.0 19.0,280.0 14.0,281.0 8.0,281.0 2.0,281.0 2.0,287.0 2.0,293.0 2.0,299.0
l 118.0,243.0 123.0,245.0 128.0,246.0 133.0,247.0 138.0,248.0 144.0,248.0 149.0,249.0 154.0,250.0 160.0,250.0 165.0,251.0
l 166.0,251.0 171.0,252.0 177.0,252.0 183.0,252.0 189.0,252.0 194.0,251.0 199.0,250.0 204.0,248.0 209.0,246.0
l -30.0,323.0 -25.0,320.0 -20.0,317.0
l -55.0,293.0 -50.0,292.0 -45.0,291.0 -40.0,290.0 -35.0,289.0
l -34.0,239.0 -33.0,244.0 -30.0,249.0 -28.0,254.0
l 300.0,314.0 294.0,314.0 288.0,314.0 282.0,314.0 277.0,313.0 271.0,313.0 269.0,308.0 273.0,304.0 277.0,300.0 280.0,295.0 284.0,290.0 288.0,286.0 293.0,283.0 298.0,282.0 304.0,282.0 309.0,283.0 312.0,288.0
l 282.0,297.0 288.0,297.0 293.0,298.0 299.0,298.0
l 314.0,318.0 319.0,319.0 324.0,316.0 324.0,310.0 324.0,304.0 323.0,299.0 319.0,295.0
l 304.0,302.0 310.0,302.0 316.0,302.0
l 278.0,274.0 278.0,268.0 278.0,262.0 279.0,257.0 281.0,252.0 284.0,247.0 289.0,246.0 294.0,248.0 294.0,254.0
l 288.0,270.0 293.0,269.0
l 290.0,261.0 296.0,261.0
l 303.0,274.0 304.0,269.0 306.0,264.0 307.0,259.0 309.0,254.0 313.0,250.0 315.0,255.0
l 313.0,272.0 318.0,270.0
l 320.0,261.0 326.0,261.0
l 325.0,277.0 327.0,272.0 330.0,267.0 332.0,262.0 335.0,257.0 339.0,253.0 343.0,249.0 348.0,247.0 349.0,252.0 349.0,258.0 347.0,263.0 345.0,268.0 343.0,273.0
l 353.0,294.0 359.0,294.0 364.0,293.0 370.0,293.0 376.0,292.0 382.0,292.0 388.0,292.0 393.0,291.0
l 388.0,308.0 388.0,302.0 388.0,296.0 389.0,291.0 389.0,285.0 390.0,280.0 390.0,274.0 391.0,269.0 391.0,263.0
l 386.0,288.0 384.0,283.0 380.0,279.0 379.0,274.0
l 391.0,284.0 396.0,283.0 400.0,279.0
l 409.0,308.0 414.0,306.0 419.0,303.0 424.0,301.0
l 407.0,287.0 413.0,287.0 419.0,287.0 425.0,287.0
l 424.0,283.0 423.0,278.0 424.0,272.0 425.0,267.0 425.0,261.0 425.0,255.0 425.0,249.0 421.0,253.0 417.0,257.0 412.0,260.0 408.0,264.0 403.0,267.0 398.0,270.0
l 396.0,271.0 400.0,267.0 400.0,261.0
l 440.0,271.0 444.0,267.0 447.0,262.0
l 422.0,288.0 428.0,288.0 433.0,287.0
l 327.0,207.0 331.0,203.0 336.0,200.0 341.0,197.0
l 300.0,189.0 304.0,185.0 307.0,180.0 310.0,175.0 312.0,170.0 315.0,165.0
l 304.0,188.0 310.0,189.0 316.0,189.0 322.0,189.0 327.0,188.0 332.0,186.0 337.0,184.0 342.0,181.0 347.0,178.0 350.0,173.0 349.0,168.0 345.0,164.0 340.0,163.0 334.0,163.0
l 318.0,175.0 323.0,176.0 329.0,176.0 335.0,176.0
l 328.0,183.0 328.0,177.0 328.0,171.0
l 309.0,162.0 315.0,162.0 320.0,160.0 326.0,160.0 331.0,159.0
l 282.0,184.0 285.0,179.0 288.0,174.0 290.0,169.0 293.0,164.0 296.0,159.0 299.0,154.0 303.0,150.0 308.0,147.0 313.0,144.0 318.0,143.0 324.0,143.0 330.0,143.0 336.0,143.0 339.0,148.0 340.0,153.0
l 346.0,170.0 348.0,165.0 348.0,159.0 348.0,153.0 348.0,147.0 348.0,141.0
l 423.0,189.0 418.0,187.0 413.0,184.0 408.0,182.0 403.0,179.0 398.0,176.0 393.0,172.0 395.0,167.0 400.0,165.0 405.0,164.0 411.0,164.0 416.0,165.0 415.0,160.0 413.0,155.0 413.0,149.0 414.0,144.0
l 418.0,126.0 421.0,131.0 423.0,136.0 425.0,141.0 430.0,145.0
l 429.0,161.0 433.0,165.0 439.0,165.0 444.0,166.0
l 439.0,147.0 444.0,150.0 447.0,155.0
l 433.0,187.0 434.0,182.0 437.0,176.0 440.0,171.0 442.0,165.0 445.0,160.0 447.0,155.0 449.0,150.0 451.0,145.0 453.0,140.0 456.0,135.0 459.0,130.0 464.0,125.0 468.0,120.0 472.0,116.0 476.0,112.0 481.0,109.0 486.0,105.0 491.0,104.0 496.0,101.0 499.0,106.0 498.0,111.0 497.0,116.0 495.0,121.0 493.0,126.0 491.0,131.0
l 476.0,142.0 471.0,141.0 467.0,137.0 464.0,132.0 460.0,127.0 456.0,122.0 452.0,118.0
l 455.0,183.0 460.0,181.0 464.0,177.0
l 256.0,-77.0 251.0,-75.0 246.0,-74.0 240.0,-74.0 233.0,-74.0 227.0,-74.0 222.0,-75.0
l 223.0,-78.0 229.0,-78.0 234.0,-80.0 239.0,-81.0 244.0,-84.0 248.0,-88.0 251.0,-93.0
l 249.0,-92.0 244.0,-94.0 240.0,-98.0 238.0,-103.0 238.0,-109.0
l 238.0,-110.0 243.0,-108.0 248.0,-107.0 254.0,-107.0 260.0,-107.0 266.0,-107.0 271.0,-109.0 276.0,-112.0 281.0,-114.0 286.0,-117.0
l 287.0,-115.0 288.0,-110.0 288.0,-104.0 287.0,-99.0
l 288.0,-98.0 294.0,-98.0 299.0,-100.0 304.0,-102.0 309.0,-105.0 314.0,-108.0 319.0,-110.0 320.0,-105.0 316.0,-100.0 312.0,-96.0 307.0,-95.0
l 270.0,-73.0 265.0,-76.0 268.0,-81.0 273.0,-83.0 278.0,-85.0 283.0,-88.0 288.0,-89.0 293.0,-87.0 294.0,-82.0 290.0,-77.0 285.0,-75.0 280.0,-73.0 274.0,-73.0 269.0,-72.0 263.0,-72.0
l 300.0,-73.0 305.0,-72.0 311.0,-72.0 317.0,-72.0 324.0,-72.0 329.0,-73.0 333.0,-77.0
l 332.0,-76.0 327.0,-78.0 322.0,-81.0 317.0,-83.0 312.0,-86.0
l 253.0,-43.0 258.0,-44.0 263.0,-47.0 267.0,-51.0 271.0,-55.0 273.0,-60.0 273.0,-66.0
l 236.0,-40.0 241.0,-42.0 246.0,-43.0 251.0,-42.0 249.0,-37.0 244.0,-36.0 241.0,-41.0
l 288.0,-44.0 289.0,-49.0 289.0,-55.0 289.0,-61.0 288.0,-66.0
l 282.0,-35.0 280.0,-40.0 284.0,-44.0 290.0,-44.0 294.0,-40.0 292.0,-35.0 286.0,-35.0
l 298.0,-68.0 303.0,-65.0 308.0,-63.0 314.0,-63.0 319.0,-62.0
l 326.0,-52.0 324.0,-57.0 328.0,-61.0 333.0,-60.0 333.0,-54.0 328.0,-52.0
l 275.0,-115.0 279.0,-120.0 281.0,-125.0 282.0,-130.0 282.0,-136.0 282.0,-142.0 281.0,-147.0 280.0,-152.0 278.0,-157.0
l 291.0,-115.0 292.0,-120.0 293.0,-125.0 293.0,-131.0 293.0,-137.0 292.0,-142.0 290.0,-147.0
l 264.0,-147.0 260.0,-143.0 255.0,-140.0 250.0,-138.0 245.0,-136.0 240.0,-135.0 235.0,-134.0 229.0,-133.0 224.0,-132.0 218.0,-132.0 212.0,-132.0
l 221.0,-136.0 226.0,-138.0 232.0,-141.0 237.0,-144.0 243.0,-146.0 248.0,-149.0 253.0,-152.0 258.0,-154.0 262.0,-150.0
l 290.0,-144.0 295.0,-141.0 300.0,-140.0 305.0,-139.0 310.0,-138.0 316.0,-138.0 321.0,-137.0 327.0,-137.0
l 324.0,-141.0 319.0,-144.0 314.0,-145.0 309.0,-147.0 304.0,-150.0 299.0,-153.0 295.0,-157.0 301.0,-157.0 306.0,-159.0 311.0,-162.0 313.0,-167.0 307.0,-167.0 301.0,-167.0 295.0,-167.0 289.0,-167.0
l 262.0,-157.0 257.0,-158.0 252.0,-159.0 247.0,-161.0 246.0,-166.0
l 250.0,-166.0 256.0,-166.0 261.0,-165.0 267.0,-165.0
l 188.0,-145.0 193.0,-144.0 198.0,-143.0 204.0,-143.0 211.0,-143.0 218.0,-143.0 224.0,-143.0
l 321.0,-144.0 327.0,-144.0 333.0,-144.0 339.0,-144.0 345.0,-144.0 351.0,-144.0 357.0,-144.0 365.0,-145.0 372.0,-145.0 378.0,-146.0 383.0,-147.0 390.0,-147.0 395.0,-148.0 401.0,-149.0 407.0,-150.0 412.0,-151.0 418.0,-151.0 423.0,-152.0 428.0,-153.0 433.0,-154.0 438.0,-155.0
l 223.0,-142.0 229.0,-142.0
l 234.0,-172.0 239.0,-173.0 244.0,-175.0 249.0,-177.0 254.0,-178.0 260.0,-180.0 265.0,-182.0
l 274.0,-175.0 280.0,-175.0 285.0,-176.0 290.0,-178.0 295.0,-180.0 300.0,-183.0
l 308.0,-179.0 313.0,-180.0 318.0,-182.0 323.0,-184.0 328.0,-186.0
l -182.0,58.0 -187.0,56.0 -190.0,51.0 -191.0,46.0 -191.0,40.0 -190.0,35.0 -187.0,29.0 -185.0,24.0 -182.0,18.0 -178.0,12.0 -173.0,7.0 -168.0,1.0 -163.0,-2.0 -159.0,-6.0 -153.0,-11.0 -147.0,-15.0 -141.0,-18.0 -135.0,-22.0 -130.0,-24.0 -124.0,-27.0 -119.0,-28.0 -113.0,-30.0 -106.0,-32.0 -100.0,-33.0 -94.0,-33.0 -88.0,-34.0 -82.0,-34.0 -80.0,-29.0 -85.0,-26.0 -90.0,-23.0 -95.0,-20.0 -100.0,-17.0 -106.0,-14.0 -111.0,-12.0 -116.0,-11.0 -116.0,-17.0 -112.0,-21.0 -107.0,-24.0
l 17.0,-18.0 12.0,-20.0 7.0,-23.0 3.0,-27.0 -1.0,-32.0 -2.0,-37.0 -2.0,-43.0 -1.0,-48.0 3.0,-53.0 7.0,-57.0 12.0,-60.0 17.0,-63.0 22.0,-64.0 27.0,-66.0 32.0,-68.0 37.0,-69.0 42.0,-70.0 49.0,-72.0 56.0,-72.0 61.0,-74.0 67.0,-74.0 73.0,-74.0 79.0,-75.0 86.0,-75.0 92.0,-75.0 98.0,-75.0 103.0,-74.0 106.0,-69.0 105.0,-64.0 100.0,-60.0 95.0,-58.0 90.0,-56.0 85.0,-54.0 79.0,-54.0 78.0,-59.0 81.0,-64.0
l -461.0,-22.0 -461.0,-28.0 -458.0,-33.0 -456.0,-38.0 -454.0,-43.0 -452.0,-48.0 -450.0,-53.0
l -388.0,-132.0 -384.0,-136.0 -380.0,-140.0 -376.0,-144.0 -371.0,-147.0 -366.0,-150.0
l -272.0,-199.0 -267.0,-202.0 -262.0,-204.0 -257.0,-206.0 -252.0,-208.0 -247.0,-210.0 -242.0,-211.0 -237.0,-212.0
l -161.0,-232.0 -155.0,-232.0 -149.0,-232.0 -143.0,-233.0 -137.0,-233.0 -132.0,-234.0 -127.0,-235.0 -120.0,-235.0 -114.0,-235.0
l -29.0,-237.0 -23.0,-237.0 -17.0,-237.0 -11.0,-237.0 -5.0,-237.0 1.0,-237.0 7.0,-237.0 12.0,-236.0 17.0,-234.0
l 91.0,-212.0 96.0,-211.0 101.0,-209.0 106.0,-207.0 111.0,-205.0 116.0,-204.0 121.0,-203.0 126.0,-201.0 131.0,-199.0
s -368.0,67.0
s -288.0,-50.0
s -179.0,-128.0
s -56.0,-155.0
s 77.0,-133.0
p -365.0,218.0
