l 36.0,267.0 38.0,262.0 42.0,257.0 45.0,252.0 49.0,248.0 54.0,245.0 59.0,243.0
l 59.0,243.0 56.0,238.0 55.0,233.0 54.0,228.0 54.0,222.0 54.0,216.0 54.0,210.0 55.0,205.0 57.0,200.0 60.0,195.0 62.0,190.0 66.0,185.0 69.0,180.0 73.0,176.0 77.0,172.0 82.0,168.0 87.0,164.0 92.0,161.0 97.0,158.0 102.0,155.0 107.0,152.0 112.0,150.0 118.0,147.0 123.0,144.0 128.0,142.0 133.0,140.0 138.0,138.0 143.0,136.0
l 81.0,220.0 82.0,215.0 85.0,210.0 88.0,205.0 91.0,200.0 95.0,196.0 98.0,191.0 102.0,187.0 107.0,183.0 111.0,179.0 116.0,175.0 120.0,171.0 124.0,167.0 128.0,163.0 132.0,159.0 136.0,155.0
l 66.0,209.0 71.0,207.0 76.0,204.0 81.0,203.0 86.0,201.0 91.0,200.0
l 85.0,184.0 90.0,182.0 96.0,182.0 102.0,182.0
l 108.0,168.0 114.0,168.0 120.0,168.0
l 103.0,224.0 103.0,218.0 103.0,212.0 103.0,206.0 103.0,200.0
l 121.0,200.0 121.0,194.0 121.0,188.0 118.0,183.0
l 69.0,244.0 74.0,242.0 79.0,239.0 84.0,237.0 89.0,235.0 94.0,233.0 99.0,231.0 104.0,228.0 110.0,226.0 115.0,223.0 120.0,220.0 125.0,217.0 129.0,213.0 134.0,209.0 138.0,205.0 141.0,200.0 145.0,196.0 147.0,191.0 149.0,186.0 150.0,181.0 151.0,176.0 151.0,170.0 151.0,164.0 150.0,159.0 148.0,154.0 144.0,150.0
l 109.0,316.0 114.0,313.0 119.0,309.0 124.0,306.0 129.0,304.0 134.0,301.0 139.0,298.0 144.0,295.0 149.0,293.0 154.0,291.0 159.0,289.0 164.0,287.0 169.0,285.0 174.0,284.0 179.0,283.0 185.0,283.0 190.0,282.0
l 91.0,303.0 96.0,301.0 101.0,298.0 106.0,295.0 111.0,293.0 116.0,291.0 121.0,288.0 126.0,286.0 132.0,284.0 137.0,282.0 143.0,280.0 149.0,278.0 154.0,276.0 159.0,274.0 165.0,272.0 170.0,270.0 175.0,269.0 180.0,267.0 186.0,265.0 191.0,264.0 196.0,262.0 201.0,260.0 207.0,258.0 213.0,257.0 219.0,255.0 225.0,253.0 231.0,251.0 236.0,250.0 241.0,248.0 247.0,247.0 253.0,245.0 259.0,244.0 265.0,242.0 271.0,241.0 278.0,239.0 285.0,238.0 291.0,236.0 297.0,235.0 302.0,234.0 308.0,233.0 315.0,231.0 321.0,231.0 328.0,229.0 334.0,228.0 341.0,227.0 346.0,226.0 351.0,225.0 358.0,225.0 364.0,223.0 370.0,223.0 376.0,222.0 382.0,221.0 388.0,220.0 396.0,219.0 401.0,218.0 409.0,217.0 415.0,216.0 420.0,215.0 425.0,214.0 431.0,213.0 438.0,212.0 444.0,211.0 449.0,210.0 456.0,208.0 462.0,207.0 468.0,206.0 473.0,205.0 478.0,203.0 483.0,202.0 488.0,201.0 493.0,199.0 499.0,198.0 505.0,197.0 511.0,195.0 516.0,193.0 522.0,191.0 527.0,189.0 532.0,187.0 537.0,185.0 542.0,182.0
l 172.0,314.0 173.0,309.0 175.0,304.0 177.0,299.0 180.0,294.0 184.0,290.0 186.0,285.0
l 190.0,323.0 193.0,318.0 197.0,314.0 200.0,309.0 202.0,304.0 206.0,300.0 209.0,295.0 213.0,291.0 217.0,287.0 221.0,283.0 225.0,279.0 230.0,275.0 235.0,272.0 240.0,270.0 245.0,268.0
l 246.0,267.0 252.0,267.0 257.0,266.0 262.0,264.0 268.0,263.0 274.0,262.0 279.0,261.0 284.0,260.0 289.0,259.0 294.0,257.0 299.0,256.0 304.0,255.0 310.0,255.0 315.0,254.0 320.0,253.0 326.0,252.0 332.0,252.0 338.0,252.0
l 326.0,289.0 325.0,284.0 326.0,279.0 328.0,274.0 330.0,269.0 332.0,264.0 334.0,259.0 337.0,254.0
l 339.0,295.0 341.0,290.0 345.0,286.0 349.0,281.0 353.0,276.0 357.0,272.0 361.0,268.0 365.0,264.0 370.0,260.0 375.0,257.0
l 372.0,255.0 377.0,254.0 382.0,252.0 387.0,250.0 392.0,248.0 397.0,246.0 402.0,245.0 407.0,243.0 412.0,242.0 417.0,241.0 423.0,239.0 428.0,238.0 433.0,236.0 438.0,235.0 443.0,233.0 448.0,232.0 453.0,231.0 458.0,230.0 463.0,228.0 468.0,226.0 473.0,225.0 478.0,223.0 483.0,221.0 488.0,220.0 493.0,218.0 498.0,217.0 503.0,216.0
l 126.0,78.0 123.0,73.0 120.0,68.0 117.0,63.0 113.0,58.0 109.0,53.0 105.0,48.0 101.0,44.0 97.0,40.0
l 109.0,35.0 115.0,35.0 121.0,35.0 127.0,35.0 132.0,34.0 139.0,34.0 145.0,34.0 153.0,34.0 159.0,34.0 165.0,34.0 171.0,34.0 177.0,34.0 183.0,33.0 189.0,33.0 196.0,32.0 202.0,32.0 208.0,32.0 215.0,32.0 222.0,32.0 227.0,31.0 234.0,31.0 241.0,31.0 247.0,31.0 253.0,31.0 259.0,31.0 266.0,31.0 273.0,31.0 281.0,31.0 287.0,31.0 293.0,31.0 300.0,31.0 306.0,31.0 313.0,31.0 319.0,31.0 325.0,31.0 331.0,31.0 337.0,31.0 343.0,31.0 349.0,31.0 356.0,31.0 362.0,31.0 368.0,31.0
l 137.0,88.0 143.0,88.0 149.0,88.0 155.0,88.0 161.0,88.0 167.0,88.0 173.0,88.0 180.0,88.0 186.0,88.0 192.0,88.0 199.0,88.0 206.0,88.0 213.0,88.0 219.0,89.0 226.0,89.0 232.0,89.0 238.0,89.0 244.0,89.0 250.0,89.0 257.0,89.0 263.0,89.0 269.0,90.0 275.0,90.0 281.0,90.0 287.0,90.0 293.0,90.0 299.0,90.0 304.0,91.0 310.0,91.0 316.0,91.0 323.0,91.0 329.0,91.0 335.0,91.0 341.0,91.0 347.0,91.0
l 348.0,88.0 349.0,83.0 352.0,78.0 356.0,74.0 359.0,69.0 363.0,65.0 367.0,60.0 371.0,56.0 374.0,51.0 378.0,47.0 381.0,42.0 383.0,37.0 385.0,32.0
l 210.0,61.0 210.0,55.0 208.0,50.0 213.0,49.0 218.0,50.0 224.0,50.0 230.0,50.0 236.0,50.0 242.0,50.0 248.0,50.0 254.0,50.0 260.0,50.0
l 256.0,63.0 256.0,57.0 258.0,52.0
l 100.0,39.0 101.0,34.0 102.0,29.0 103.0,24.0 104.0,19.0
l 383.0,34.0 379.0,30.0 375.0,26.0 370.0,23.0 366.0,19.0 361.0,16.0
l 109.0,20.0 114.0,19.0 120.0,19.0 126.0,19.0 132.0,19.0 138.0,19.0 144.0,18.0 150.0,18.0 156.0,18.0 162.0,18.0 168.0,18.0 174.0,18.0 179.0,17.0 185.0,17.0 190.0,16.0 196.0,16.0 202.0,16.0 208.0,16.0 214.0,16.0 220.0,16.0 226.0,16.0 232.0,16.0 238.0,15.0 244.0,15.0 250.0,15.0 256.0,15.0 262.0,15.0 268.0,15.0 274.0,15.0 280.0,15.0 286.0,15.0 292.0,15.0 298.0,15.0 304.0,15.0 310.0,15.0 316.0,15.0 322.0,15.0 328.0,15.0 334.0,15.0 340.0,15.0 346.0,15.0 352.0,15.0 357.0,16.0 363.0,16.0 369.0,16.0
l 216.0,177.0 216.0,171.0 217.0,166.0 218.0,161.0 220.0,156.0 221.0,151.0 221.0,145.0 221.0,139.0
l 216.0,179.0 222.0,179.0 227.0,178.0 232.0,177.0 237.0,176.0 242.0,174.0 247.0,173.0 248.0,168.0 248.0,162.0 246.0,157.0 244.0,152.0 241.0,147.0 238.0,142.0 236.0,137.0
l 203.0,140.0 209.0,140.0 215.0,140.0 220.0,138.0
l 203.0,138.0 207.0,134.0 212.0,132.0 216.0,128.0 220.0,124.0 225.0,121.0 229.0,117.0 234.0,114.0 239.0,113.0 241.0,118.0 245.0,122.0 248.0,127.0 251.0,132.0 248.0,137.0 243.0,138.0 238.0,139.0 233.0,140.0
l 64.0,-35.0 68.0,-40.0 73.0,-43.0 77.0,-47.0 82.0,-50.0 87.0,-52.0
l 51.0,-68.0 53.0,-73.0 57.0,-78.0 60.0,-83.0 64.0,-88.0 68.0,-92.0
l 61.0,-77.0 65.0,-73.0 70.0,-72.0 75.0,-70.0 80.0,-68.0 85.0,-66.0 90.0,-65.0 95.0,-64.0 101.0,-63.0 106.0,-62.0 112.0,-62.0 117.0,-61.0 119.0,-66.0 115.0,-70.0 110.0,-73.0 105.0,-75.0 99.0,-76.0
l 77.0,-82.0 78.0,-87.0 79.0,-92.0 79.0,-98.0
l 92.0,-81.0 97.0,-83.0 102.0,-86.0 107.0,-88.0
l 91.0,-98.0 95.0,-94.0 100.0,-92.0 103.0,-97.0 102.0,-102.0 102.0,-108.0 98.0,-113.0 93.0,-114.0 88.0,-115.0 82.0,-115.0 76.0,-115.0 82.0,-115.0 88.0,-114.0 94.0,-113.0 100.0,-113.0 105.0,-112.0 111.0,-112.0 116.0,-111.0 121.0,-110.0 127.0,-110.0 132.0,-109.0 137.0,-108.0
l 281.0,-63.0 286.0,-64.0 291.0,-66.0 297.0,-67.0 303.0,-67.0
l 302.0,-48.0 301.0,-54.0 300.0,-59.0 299.0,-65.0 297.0,-70.0 296.0,-75.0 295.0,-80.0 294.0,-85.0 293.0,-90.0 293.0,-96.0
l 292.0,-72.0 287.0,-74.0 282.0,-77.0 277.0,-79.0 272.0,-82.0
l 296.0,-72.0 300.0,-76.0 304.0,-80.0 309.0,-81.0
l 337.0,-52.0 332.0,-56.0 327.0,-59.0 323.0,-64.0 328.0,-67.0 334.0,-68.0 340.0,-68.0 345.0,-69.0 344.0,-74.0 339.0,-77.0 334.0,-79.0 329.0,-81.0 324.0,-83.0 319.0,-85.0 314.0,-86.0 309.0,-87.0 303.0,-89.0
l 312.0,-78.0 318.0,-79.0 323.0,-80.0 328.0,-83.0 333.0,-85.0 338.0,-87.0
l 318.0,-94.0 318.0,-100.0 318.0,-106.0
l 322.0,-96.0 327.0,-97.0 332.0,-99.0 337.0,-100.0 333.0,-104.0 327.0,-104.0 321.0,-104.0 316.0,-105.0 321.0,-107.0
l -632.0,273.0 -627.0,272.0 -622.0,271.0 -616.0,271.0 -610.0,271.0 -604.0,271.0 -598.0,271.0 -592.0,272.0 -587.0,273.0 -582.0,274.0 -577.0,275.0 -572.0,276.0 -566.0,277.0 -559.0,279.0 -554.0,280.0 -549.0,281.0 -544.0,282.0 -537.0,284.0 -532.0,286.0 -527.0,287.0 -522.0,289.0 -517.0,291.0 -512.0,294.0 -505.0,298.0 -500.0,301.0 -495.0,304.0 -490.0,306.0 -485.0,310.0 -479.0,314.0 -474.0,317.0 -469.0,320.0 -464.0,323.0 -460.0,327.0 -455.0,330.0 -451.0,334.0 -446.0,337.0
l -470.0,300.0 -464.0,300.0 -459.0,299.0 -454.0,298.0 -449.0,297.0 -443.0,296.0 -437.0,296.0 -431.0,296.0 -424.0,296.0 -418.0,296.0 -412.0,296.0 -407.0,297.0 -402.0,298.0 -396.0,299.0 -391.0,301.0 -386.0,304.0 -381.0,306.0 -376.0,310.0 -372.0,314.0 -368.0,318.0 -365.0,323.0 -362.0,328.0 -360.0,333.0 -359.0,338.0
l -545.0,262.0 -545.0,256.0 -545.0,250.0 -545.0,244.0 -545.0,238.0 -544.0,229.0 -544.0,220.0 -544.0,214.0 -543.0,208.0 -543.0,202.0 -543.0,196.0 -543.0,190.0 -543.0,183.0 -543.0,177.0 -543.0,171.0 -543.0,162.0 -543.0,155.0 -543.0,149.0 -543.0,143.0 -543.0,136.0 -543.0,129.0 -543.0,122.0 -543.0,116.0 -543.0,110.0 -543.0,103.0 -543.0,97.0 -543.0,87.0 -543.0,81.0 -543.0,72.0 -543.0,66.0 -543.0,60.0 -543.0,54.0 -543.0,45.0 -543.0,39.0 -543.0,33.0 -543.0,24.0 -543.0,18.0 -543.0,10.0 -543.0,2.0 -543.0,-5.0 -543.0,-11.0 -543.0,-18.0 -543.0,-24.0 -543.0,-30.0 -543.0,-36.0
l -550.0,200.0 -554.0,196.0 -558.0,192.0 -562.0,188.0 -566.0,183.0 -570.0,178.0 -573.0,173.0 -574.0,168.0 -569.0,166.0
l -549.0,190.0 -550.0,184.0 -554.0,179.0 -558.0,174.0 -562.0,170.0 -567.0,167.0 -573.0,166.0 -579.0,166.0 -585.0,166.0
l -543.0,214.0 -542.0,209.0 -539.0,204.0 -535.0,200.0 -531.0,196.0 -526.0,194.0
l -534.0,219.0 -533.0,213.0 -531.0,208.0 -530.0,203.0 -530.0,197.0 -530.0,191.0 -532.0,186.0
l -553.0,129.0 -558.0,125.0 -561.0,120.0 -562.0,115.0 -563.0,110.0 -564.0,105.0 -565.0,100.0 -565.0,94.0 -560.0,97.0
l -548.0,117.0 -549.0,112.0 -553.0,108.0 -557.0,104.0 -562.0,101.0 -567.0,98.0
l -541.0,65.0 -540.0,60.0 -538.0,55.0 -536.0,49.0 -533.0,44.0 -531.0,39.0 -529.0,34.0 -526.0,29.0 -525.0,34.0 -526.0,41.0
l -541.0,80.0 -539.0,75.0 -536.0,69.0 -534.0,64.0 -531.0,58.0 -530.0,53.0 -528.0,47.0 -527.0,42.0 -526.0,36.0 -525.0,31.0 -525.0,25.0 -525.0,19.0 -526.0,14.0 -529.0,9.0
l -552.0,-28.0 -552.0,-34.0 -550.0,-39.0 -549.0,-44.0 -548.0,-50.0 -546.0,-55.0 -545.0,-61.0 -543.0,-66.0 -542.0,-71.0
l -546.0,-22.0 -544.0,-27.0 -542.0,-32.0 -540.0,-37.0 -539.0,-42.0 -538.0,-48.0 -538.0,-55.0 -539.0,-60.0 -543.0,-64.0 -547.0,-68.0 -552.0,-69.0
l -445.0,283.0 -445.0,277.0 -445.0,271.0 -445.0,265.0 -445.0,259.0 -445.0,253.0 -446.0,248.0 -446.0,240.0 -446.0,234.0 -446.0,227.0 -446.0,221.0 -446.0,215.0 -446.0,209.0 -446.0,203.0 -447.0,197.0 -447.0,191.0 -447.0,185.0 -446.0,180.0 -445.0,174.0 -444.0,167.0 -444.0,161.0 -442.0,153.0 -442.0,146.0 -440.0,139.0 -440.0,131.0 -439.0,126.0 -438.0,120.0 -438.0,114.0 -437.0,109.0 -437.0,103.0 -436.0,97.0 -435.0,92.0
l -454.0,231.0 -458.0,226.0 -461.0,221.0 -465.0,216.0 -468.0,211.0
l -457.0,216.0 -461.0,212.0 -465.0,208.0
l -447.0,255.0 -445.0,250.0 -442.0,245.0 -441.0,240.0 -439.0,235.0 -437.0,230.0 -435.0,225.0 -433.0,220.0 -431.0,215.0 -429.0,210.0 -428.0,205.0 -427.0,200.0
l -442.0,216.0 -438.0,212.0 -433.0,210.0
l -444.0,152.0 -446.0,147.0 -447.0,142.0 -448.0,137.0 -449.0,132.0 -449.0,126.0 -445.0,130.0 -441.0,134.0
l -435.0,116.0 -432.0,111.0 -428.0,106.0 -424.0,102.0 -420.0,98.0 -418.0,93.0 -423.0,95.0 -427.0,99.0 -431.0,103.0 -436.0,105.0
l -283.0,-179.0 -278.0,-181.0 -273.0,-183.0 -267.0,-183.0 -262.0,-182.0 -258.0,-178.0
l -301.0,-191.0 -296.0,-193.0 -291.0,-195.0 -286.0,-196.0 -279.0,-196.0 -273.0,-196.0 -267.0,-197.0 -261.0,-197.0 -255.0,-196.0 -250.0,-195.0 -247.0,-190.0
s -258.0,154.0
s -260.0,53.0
s -263.0,-69.0
p -260.0,265.0
